# Blender v3.0.0 OBJ File: 'grigori.blend'
# www.blender.org
mtllib grigori.mtl
o Body
v -0.575000 1.108165 0.021928
v -0.575000 0.599932 -0.486305
v -0.575000 0.599932 0.530161
v -0.575000 0.091699 0.021928
v 0.575000 0.599932 0.530161
v 0.575000 0.091699 0.021928
v 0.575000 1.108165 0.021927
v 0.575000 0.599932 -0.486305
v -0.467188 1.260635 0.021928
v -0.467188 0.599932 -0.638775
v -0.467187 0.599932 0.682631
v -0.467188 -0.060771 0.021928
v 0.467188 0.599932 0.682631
v 0.467188 -0.060771 0.021928
v 0.467188 1.260635 0.021927
v 0.467187 0.599932 -0.638775
v -0.431250 1.209811 0.021928
v -0.431250 0.599932 -0.587952
v -0.431250 0.599932 0.631807
v -0.431250 -0.009948 0.021928
v 0.431250 0.599932 0.631807
v 0.431250 -0.009948 0.021928
v 0.431250 1.209811 0.021927
v 0.431250 0.599932 -0.587952
vt 0.187500 0.468750
vt 0.281250 0.468750
vt 0.281250 0.562500
vt 0.187500 0.562500
vt 0.000000 0.656250
vt 0.078125 0.656250
vt 0.078125 0.734375
vt 0.000000 0.734375
vt 0.000000 0.812500
vt 0.093750 0.812500
vt 0.093750 0.906250
vt 0.000000 0.906250
vt 0.281250 0.906250
vt 0.187500 0.906250
vt 0.187500 1.000000
vt 0.281250 1.000000
vt 0.375000 0.468750
vt 0.375000 0.562500
vt 0.281250 0.656250
vt 0.406250 0.656250
vt 0.406250 0.734375
vt 0.281250 0.734375
vt 0.203125 0.812500
vt 0.078125 0.812500
vt 0.203125 0.734375
vt 0.000000 0.468750
vt 0.093750 0.468750
vt 0.093750 0.562500
vt 0.000000 0.562500
vt 0.203125 0.656250
vt 0.281250 0.812500
vt 0.375000 0.812500
vt 0.375000 0.906250
vt 0.281250 0.906250
vt 0.187500 0.812500
vt 0.187500 0.906250
vt 0.187500 1.000000
vt 0.093750 1.000000
vt 0.281250 0.562500
vt 0.187500 0.562500
vt 0.187500 0.656250
vt 0.281250 0.656250
vt 0.187500 0.656250
vt 0.093750 0.656250
vt 0.328125 0.734375
vt 0.203125 0.734375
vt 0.203125 0.812500
vt 0.328125 0.812500
vn 1.0000 0.0000 -0.0000
vn -1.0000 0.0000 0.0000
vn -0.0000 -0.7071 -0.7071
vn -0.0000 0.7071 -0.7071
vn 0.0000 0.7071 0.7071
vn 0.0000 -0.7071 0.7071
usemtl m_0
s 1
f 14/1/1 16/2/1 15/3/1 13/4/1
f 2/5/2 4/6/2 3/7/2 1/8/2
f 18/9/2 20/10/2 19/11/2 17/12/2
f 22/13/3 20/14/3 18/15/3 24/16/3
f 16/2/4 10/17/4 9/18/4 15/3/4
f 8/19/4 2/20/4 1/21/4 7/22/4
f 7/23/5 1/24/5 3/7/5 5/25/5
f 10/26/2 12/27/2 11/28/2 9/29/2
f 4/6/6 6/30/6 5/25/6 3/7/6
f 24/31/4 18/32/4 17/33/4 23/34/4
f 20/10/6 22/35/6 21/36/6 19/11/6
f 23/37/5 17/38/5 19/11/5 21/36/5
f 14/39/3 12/40/3 10/41/3 16/42/3
f 15/43/5 9/44/5 11/28/5 13/4/5
f 22/35/1 24/31/1 23/34/1 21/36/1
f 6/45/3 4/46/3 2/47/3 8/48/3
f 6/30/1 8/19/1 7/22/1 5/25/1
f 12/27/6 14/1/6 13/4/6 11/28/6
o MouthBottom
v -0.502406 0.668890 -0.025098
v -0.502406 0.317769 -0.094622
v -0.502406 0.543524 0.608048
v -0.502406 0.192403 0.538524
v 0.502406 0.543524 0.608047
v 0.502406 0.192403 0.538524
v 0.502406 0.668890 -0.025098
v 0.502406 0.317769 -0.094622
vt 0.375000 0.781250
vt 0.445312 0.781250
vt 0.445312 0.820312
vt 0.375000 0.820312
vt 0.664062 0.820312
vt 0.554688 0.820312
vt 0.554688 0.890625
vt 0.664062 0.890625
vt 0.554688 0.781250
vt 0.554688 0.820312
vt 0.554688 0.890625
vt 0.445312 0.890625
vt 0.625000 0.781250
vt 0.625000 0.820312
vt 0.734375 0.781250
vt 0.734375 0.820312
vn -1.0000 -0.0000 0.0000
vn -0.0000 -0.9810 -0.1942
vn 0.0000 -0.1942 0.9810
vn 0.0000 0.9810 0.1942
vn 1.0000 0.0000 -0.0000
vn -0.0000 0.1942 -0.9810
usemtl m_0
s 1
f 26/49/7 28/50/7 27/51/7 25/52/7
f 30/53/8 28/54/8 26/55/8 32/56/8
f 28/50/9 30/57/9 29/58/9 27/51/9
f 31/59/10 25/60/10 27/51/10 29/58/10
f 30/57/11 32/61/11 31/62/11 29/58/11
f 32/61/12 26/63/12 25/64/12 31/62/12
o MouthTop
v -0.503125 0.898950 -0.084093
v -0.503125 0.543961 -0.028122
v -0.503125 0.999698 0.554888
v -0.503125 0.644709 0.610859
v 0.503125 0.999698 0.554888
v 0.503125 0.644709 0.610859
v 0.503125 0.898950 -0.084093
v 0.503125 0.543961 -0.028122
vt 0.625000 0.890625
vt 0.734375 0.890625
vt 0.734375 0.929688
vt 0.625000 0.929688
vt 0.664062 0.929688
vt 0.554688 0.929688
vt 0.554688 1.000000
vt 0.664062 1.000000
vt 0.375000 0.890625
vt 0.445312 0.890625
vt 0.445312 0.929688
vt 0.375000 0.929688
vt 0.554688 0.890625
vt 0.554688 0.929688
vt 0.554688 1.000000
vt 0.445312 1.000000
vn -0.0000 -0.1557 -0.9878
vn 0.0000 -0.9878 0.1557
vn -1.0000 0.0000 0.0000
vn 0.0000 0.1557 0.9878
vn 1.0000 0.0000 -0.0000
vn -0.0000 0.9878 -0.1557
usemtl m_0
s 1
f 40/65/13 34/66/13 33/67/13 39/68/13
f 38/69/14 36/70/14 34/71/14 40/72/14
f 34/73/15 36/74/15 35/75/15 33/76/15
f 36/74/16 38/77/16 37/78/16 35/75/16
f 38/77/17 40/65/17 39/68/17 37/78/17
f 39/79/18 33/80/18 35/75/18 37/78/18
