# Blender v3.0.0 OBJ File: 'lightball.blend'
# www.blender.org
mtllib lightball.mtl
o Ball03
v -0.218913 0.007193 -0.316257
v -0.224644 -0.303244 -0.008033
v -0.224684 0.315470 -0.005874
v -0.230415 0.005033 0.302351
v 0.212740 0.315470 0.002260
v 0.207009 0.005033 0.310484
v 0.218511 0.007193 -0.308124
v 0.212780 -0.303244 0.000100
vt 0.109375 0.218750
vt 0.187500 0.218750
vt 0.187500 0.296875
vt 0.109375 0.296875
vt 0.265625 0.218750
vt 0.343750 0.218750
vt 0.343750 0.296875
vt 0.265625 0.296875
vt 0.265625 0.296875
vt 0.187500 0.296875
vt 0.187500 0.375000
vt 0.265625 0.375000
vt 0.031250 0.218750
vt 0.031250 0.296875
vt 0.187500 0.375000
vt 0.109375 0.375000
vn -0.0132 0.7046 0.7094
vn 0.0132 -0.7046 -0.7094
vn 0.9998 0.0000 0.0186
vn -0.0131 -0.7096 0.7045
vn -0.9998 -0.0000 -0.0186
vn 0.0131 0.7096 -0.7045
usemtl m_2
s 1
f 4/1/1 6/2/1 5/3/1 3/4/1
f 8/5/2 2/6/2 1/7/2 7/8/2
f 6/2/3 8/5/3 7/8/3 5/3/3
f 6/9/4 4/10/4 2/11/4 8/12/4
f 2/13/5 4/1/5 3/4/5 1/14/5
f 7/15/6 1/16/6 3/4/6 5/3/6
o Ball02
v -0.176354 0.035931 -0.251782
v -0.180367 -0.239571 -0.035953
v -0.181476 0.251797 0.023673
v -0.185489 -0.023705 0.239502
v 0.168464 0.251797 0.030180
v 0.164451 -0.023705 0.246009
v 0.173585 0.035931 -0.245275
v 0.169572 -0.239571 -0.029446
vt 0.343750 0.218750
vt 0.406250 0.218750
vt 0.406250 0.281250
vt 0.343750 0.281250
vt 0.468750 0.218750
vt 0.468750 0.281250
vt 0.531250 0.218750
vt 0.531250 0.281250
vt 0.531250 0.281250
vt 0.468750 0.281250
vt 0.468750 0.343750
vt 0.531250 0.343750
vt 0.593750 0.218750
vt 0.593750 0.281250
vt 0.468750 0.343750
vt 0.406250 0.343750
vn -0.9998 0.0000 -0.0186
vn -0.0146 0.6168 0.7870
vn 0.9998 -0.0000 0.0186
vn -0.0115 -0.7872 0.6167
vn 0.0146 -0.6168 -0.7870
vn 0.0115 0.7872 -0.6167
usemtl m_2
s 1
f 10/17/7 12/18/7 11/19/7 9/20/7
f 12/18/8 14/21/8 13/22/8 11/19/8
f 14/21/9 16/23/9 15/24/9 13/22/9
f 14/25/10 12/26/10 10/27/10 16/28/10
f 16/23/11 10/29/11 9/30/11 15/24/11
f 15/31/12 9/32/12 11/19/12 13/22/12
o Ball01
v -0.133729 0.006761 -0.190909
v -0.137167 -0.179501 -0.005974
v -0.137191 0.191727 -0.004679
v -0.140630 0.005465 0.180256
v 0.125263 0.191727 0.000201
v 0.121825 0.005465 0.185136
v 0.128726 0.006761 -0.186029
v 0.125288 -0.179501 -0.001094
vt 0.687500 0.312500
vt 0.640625 0.312500
vt 0.640625 0.265625
vt 0.687500 0.265625
vt 0.593750 0.218750
vt 0.640625 0.218750
vt 0.593750 0.265625
vt 0.734375 0.218750
vt 0.781250 0.218750
vt 0.781250 0.265625
vt 0.734375 0.265625
vt 0.687500 0.218750
vt 0.734375 0.265625
vt 0.687500 0.265625
vt 0.687500 0.312500
vt 0.734375 0.312500
vn 0.0131 0.7096 -0.7045
vn -0.9998 0.0000 -0.0186
vn 0.0132 -0.7046 -0.7094
vn 0.9998 0.0000 0.0186
vn -0.0131 -0.7096 0.7045
vn -0.0132 0.7046 0.7094
usemtl m_2
s 1
f 23/33/13 17/34/13 19/35/13 21/36/13
f 18/37/14 20/38/14 19/35/14 17/39/14
f 24/40/15 18/41/15 17/42/15 23/43/15
f 22/44/16 24/40/16 23/43/16 21/36/16
f 22/45/17 20/46/17 18/47/17 24/48/17
f 20/38/18 22/44/18 21/36/18 19/35/18
